22

 1.5 -0.7  0.0
 2.5  0.0  0.0
 1.2  0.7  0.0
-1.2  0.7  0.0
-2.5  0.0  0.0
-1.5 -0.7  0.0

 1.0 -0.5  4.0
 2.3  0.0  4.0
 1.0  0.5  4.0
-1.0  0.5  4.0
-2.3  0.0  4.0
-1.0 -0.5  4.0

 6.0  0.0  0.0
 6.0  0.0  1.0
-6.0  0.0  1.0
-6.0  0.0  0.0

 1.0  0.0  5.0
-1.0  0.0  5.0

 1.3  1.6  2.0
 1.5  2.0  0.0
-1.3  1.6  2.0
-1.5  2.0  0.0


17

6   0  1  2  3  4  5     1  8

4   1  2  8  7           2  8
4   2  3  9  8           2  8
4   3  4 10  9           2  8
4   0  1  7  6           4  8
4   4  5 11 10           4  8
4   5  0  6 11           4  8

4   8  9 17 16          12  8
3   8  7 16             12  8
3   9 10 17             12  8
3  10 11 17              4  8
3   6  7 16              4  8
4   6 11 17 16           4  8

4   1  7 13 12          11  8
4   4 10 14 15          11  8

4   8 18 19  2          10  8
4   9 20 21  3          10  8